15_jpg.rf.cb656ec1062a2ecb43e058cfe5077cd7.jpg 222,125,247,216,0 162,142,189,232,0 195,130,218,216,0
272_jpg.rf.cb764076ad2257881adfcf1f99ce6c40.jpg 176,189,196,264,1
246_jpg.rf.cd1abe20f2afc04f3796fcf0f9b1e5e3.jpg 169,124,211,308,1 169,127,205,308,1 216,127,251,263,1
153_jpg.rf.d14d09de2587e0d3205f2482ecde4e46.jpg 105,127,157,290,0 249,106,338,404,0 144,127,209,314,0
165_jpg.rf.cd45d9888dbdb119c5bb6b77acac1e8a.jpg 203,259,222,316,1 218,247,239,323,1
75_jpg.rf.cdc4a88627f63fe607bb8f472810c4fa.jpg 248,147,300,274,1 8,137,57,267,1
286_jpg.rf.cfabc63d304d4ae21490fcd191797950.jpg 206,170,223,228,1
368_jpg.rf.cbc42d9ce803a7490962826dcbd6e5a3.jpg 322,160,355,222,0 207,136,242,264,0
397_jpg.rf.cdc1b355d254a6658279b7e5b674d787.jpg 184,184,203,241,0
40_jpg.rf.d39dd9bfc7b497dffff7b70623eadad9.jpg 174,122,257,413,0
100_jpg.rf.cdef26fe4496980975477e1662bd9f22.jpg 207,200,216,251,0 203,193,212,244,1
105_jpg.rf.d1f5a38a632106c8fe6b6cdcdcf953d5.jpg 175,144,252,364,0 299,160,324,225,0
310_jpg.rf.cc3c392ab79ecec187feccf5652a4e28.jpg 165,176,192,264,1
337_jpg.rf.d25db262ce67f147dffbbb80f981ae26.jpg 71,193,154,408,0 0,189,58,411,0
17_jpg.rf.cde6c09568d020bfefeef0e4bb2591ce.jpg 191,176,245,413,1
76_jpg.rf.d32ea199bf8677d21b44a6e9d88bce8b.jpg 168,188,198,259,1 223,198,245,268,1 241,167,266,255,1
47_jpg.rf.d158d47d204b4b63860769b12757a326.jpg 114,104,180,377,1 209,103,262,366,1 267,177,290,275,1
367_jpg.rf.cf8a7db43e79208624c5a00231e6684d.jpg 139,113,166,205,0 171,112,203,204,0 184,295,264,413,0
274_jpg.rf.d18de4013f554f3f8704c51b6b711b07.jpg 48,184,128,411,0
348_jpg.rf.ce0e449b56e5c6c1472a24917f8c653e.jpg 192,213,313,411,0
201_jpg.rf.d2905017b67386ef1aba9206f360f865.jpg 183,175,232,392,1 152,215,189,351,1
240_jpg.rf.cfaedfd57c8e7b90cac70c7ce2bb32fd.jpg 172,151,194,250,0 193,155,218,252,0
129_jpg.rf.cf20d69039add36b6622a34ad894b865.jpg 96,124,147,307,0 178,164,198,244,0
83_jpg.rf.cd7f7211a459d6bfd26dac65060c446d.jpg 178,192,231,385,1
324_jpg.rf.d6b8eecd0d8d8b7208e6d6a595234936.jpg 265,134,288,205,0 213,143,235,243,0
309_jpg.rf.d43a8723784b530e965c40692fb46a1d.jpg 207,179,234,260,1
46_jpg.rf.d384df190380afd9a851bbe5d01884ae.jpg 165,142,208,304,1 229,158,254,256,1 262,158,284,245,1
285_jpg.rf.d971010f90e61f24347c361cb039bb64.jpg 224,132,243,176,1
57_jpg.rf.d7d2de736fe7121f8b2ebd7f63d49a42.jpg 227,191,253,280,1
321_jpg.rf.d5541864e8da18d1b4d0822dc34ea2b7.jpg 128,241,157,347,1 1,115,76,391,1
118_jpg.rf.d81bac898cfb0dcc200e6a4719f48a80.jpg 239,184,263,268,0 155,165,182,267,0 142,171,162,244,0 123,182,142,239,0
219_jpg.rf.da2f6829123b7ff41a26b785a9709f1e.jpg 155,192,180,251,1 205,199,229,269,1 237,176,253,269,1
162_jpg.rf.d4ec87ee6e8258abca060fd843e1e77a.jpg 177,179,213,300,0 227,153,262,284,0 164,153,186,238,0 204,155,230,272,0
145_jpg.rf.d6a38c8842d42ea5fd5dc0b7fdc4e21b.jpg 166,205,188,307,0 195,208,218,284,0
339_jpg.rf.d981f4184101f222b525c7d480b0e1ab.jpg 245,207,259,236,1
26_jpg.rf.e01b2f04ece501882079f1a97d49d890.jpg 173,134,184,165,0
30_jpg.rf.dc01cab401f08a166804922551a0cb98.jpg 182,203,205,297,1
101_jpg.rf.daa72606c20e9fd1e4a528e2b0bcda68.jpg 216,153,226,186,1
431_jpg.rf.db5b6f187a26f4f9c2259ef5f250df82.jpg 284,152,320,288,0
358_jpg.rf.ddc396487a27c0232708477f39ae53c2.jpg 240,176,262,257,0 204,174,238,284,0
390_jpg.rf.e127d60575cfdf0e4aaae0b89b5b5072.jpg 244,212,280,295,0
22_jpg.rf.dd2642d935a3fc09aad4b105c5daa488.jpg 175,168,205,280,0 271,179,291,267,0 198,183,232,342,0 232,186,252,269,0
287_jpg.rf.dcfaa231a095c25f7faa64becec4d5f2.jpg 195,180,220,251,1 179,175,202,240,1
107_jpg.rf.dbd42e63ead0bb5f0b7afc7ae95725f2.jpg 205,113,246,288,0 174,119,214,257,0
145_jpg.rf.d9ab39ac9a098e6de4e85d91fc03a6a8.jpg 228,205,250,307,0 198,208,221,284,0
372_jpg.rf.e2d837ed225a8de36367d61418efe493.jpg 199,128,238,307,1
128_jpg.rf.dcf3638aa12e48ac72e611b2c70e0994.jpg 154,257,222,412,1
158_jpg.rf.dd2c1e947c89e34f6dca9931ba6fa24e.jpg 239,67,345,413,0 159,167,185,259,0 137,159,158,255,0
122_jpg.rf.e1bd97050aac89f73842979dea02b4b2.jpg 211,119,263,311,1 250,191,266,248,1
171_jpg.rf.e31fe8a849aa4861f9661b4f9b74f44a.jpg 250,172,272,243,1 114,151,165,291,1
126_jpg.rf.e1c66feca845019fad91a3fe2c1e08b3.jpg 198,43,265,274,0
102_jpg.rf.e044dc29eb9846771390a793f5d5c41e.jpg 278,120,298,217,1 237,113,277,299,1 198,110,234,259,1
11_jpg.rf.dca92cdaa61ec538a5a9dadccc399f5d.jpg 15,199,85,399,1 317,175,347,284,1
52_jpg.rf.db16354c04ef58ea93929d64ecae7e8d.jpg 0,155,85,383,0 177,173,209,291,0
142_jpg.rf.e55539c0e6f4dc6c9c3cfdc58f5f102c.jpg 214,153,239,226,1 210,156,239,226,1 209,152,239,227,1 177,155,203,238,1
166_jpg.rf.e2c2ba25acfb6f9724ab99393f58c3be.jpg 204,195,231,247,1 206,195,234,247,1
382_jpg.rf.e199aa67c5d0ceba41308fc75224a502.jpg 112,137,180,379,1
416_jpg.rf.e391f7713c58148d3316e50ddebb0460.jpg 167,172,196,248,1 194,187,219,257,1
115_jpg.rf.e5fc7de293686fbdafa78a358ea00f03.jpg 0,63,74,414,0
340_jpg.rf.e64a50d876b0b8242574bb497b486d73.jpg 172,158,218,302,1
132_jpg.rf.e3a727c351d650229bfa4a03afec40aa.jpg 191,220,207,279,0 207,226,222,297,0
236_jpg.rf.e44ebb0d10cb8df4789e0e964b10573b.jpg 204,191,220,235,1 289,212,347,407,1
35_jpg.rf.e551d3dda6f68f17404a4fa31a2e6aa3.jpg 225,172,250,260,0 157,72,173,125,0
256_jpg.rf.e42d0344696945b714f8366195f2d54f.jpg 168,125,208,320,1 275,171,297,245,1 241,167,259,220,1
87_jpg.rf.e2dd6b43964c7634d95182a97f854c43.jpg 191,170,218,250,0 207,159,241,245,0
251_jpg.rf.e5d81f26a568d9818596b8f686d4c2ee.jpg 193,192,220,290,0
160_jpg.rf.e589bfe33257f8268df9d6c223ad7360.jpg 242,168,354,412,0 202,172,254,413,0 164,198,184,244,0
64_jpg.rf.e833cd14373ad0a182737c193b20d47a.jpg 193,173,223,267,1 155,195,171,244,1 180,183,197,235,1
122_jpg.rf.e4a6efdd4c8b98094d8ef39f67ee6f59.jpg 153,119,205,311,1 150,191,166,248,1
407_jpg.rf.e4944404fb309d64dd8664635a2a9097.jpg 274,156,313,274,0
20_jpg.rf.e6ae0b25898aaf5ea7da8c5cfd928c35.jpg 232,159,246,200,1
135_jpg.rf.e7d0262dfc47a46a6bba68d638e6fd0f.jpg 174,153,207,238,1
103_jpg.rf.e818cc975ded9ba0a90bfd3fe6a787ce.jpg 266,164,282,217,1
237_jpg.rf.ea0adcbe8df35a79b529a0ebdb5a9ef3.jpg 204,175,252,357,0
311_jpg.rf.e9087ec1809f333582b071810ae4f1f1.jpg 150,159,207,321,0 255,186,277,257,0 219,176,248,280,0
108_jpg.rf.e8ba38252fe6e0499489316183af746b.jpg 190,168,229,296,1
354_jpg.rf.e9c3492db86ddf3150a621af440b27e2.jpg 195,182,217,256,0
147_jpg.rf.e6c3ff07019242c0b8ffd150a111c4ec.jpg 202,205,222,269,0
236_jpg.rf.e6e9f223fca08d40318415d6e1b42810.jpg 197,191,213,235,1 69,212,127,407,1
49_jpg.rf.ecbf5aa982673df96443a5ae44751714.jpg 187,196,228,263,1
58_jpg.rf.ebaf36027cb1eb89be85fa2597a256d1.jpg 225,198,246,255,1
140_jpg.rf.ed4ad6df87b1c85e9fe1127115384c4f.jpg 196,127,240,274,1 173,143,198,264,1
334_jpg.rf.eff90cd0534ef3dfd41983d1273249ea.jpg 234,170,269,284,0
2_jpg.rf.edc83c7a9725a41e6ee79c2830d0f54b.jpg 222,136,275,305,0
338_jpg.rf.eedf9233bce641ebcb0434fa156f1bcd.jpg 142,136,193,343,0
360_jpg.rf.ec86b8d117b0f0868450ddc78e64bb31.jpg 199,144,232,295,1
139_jpg.rf.ea86b60c0ddfbc1e363bf7c85c7900a0.jpg 220,188,254,326,0
136_jpg.rf.eea7a9003f31c95de5b193d68168c75b.jpg 171,160,192,219,1
261_jpg.rf.eeaa8cd220b7560b4650be172ea8cbe5.jpg 204,208,229,269,1
98_jpg.rf.ee5fe3ecb63ca832f656287317a36415.jpg 275,164,305,274,0 205,168,227,262,0 86,148,155,413,0 1,127,103,413,0
214_jpg.rf.eb553dd08bc83f2e8e9afcf1cc8b0397.jpg 164,91,202,189,1 121,88,146,184,1 143,104,166,182,1
313_jpg.rf.f157ce5361320bee4bc04059d6d1bb12.jpg 250,115,316,355,1 192,188,250,407,1
429_jpg.rf.ee88f6ee8f2f2e1bedabd6ab0b8e4eb8.jpg 383,126,415,237,1 214,139,248,257,1
302_jpg.rf.f1bb1b317d6aa349beb54d6aaa3d9a48.jpg 146,163,205,317,1
35_jpg.rf.f14167e4d6d0f01249968b1d01363214.jpg 167,172,192,260,0 243,72,259,125,0
242_jpg.rf.f0d3f5f16bd9b6fa9517453bcd621475.jpg 177,136,246,409,0 250,152,275,255,0
321_jpg.rf.f077124c17dcfa5c2ad884cd3316ded2.jpg 259,241,288,347,1 340,115,415,391,1
208_jpg.rf.ec094c6723441be9cf73eb71cf1fa3cf.jpg 85,188,112,264,0 160,176,187,259,0 184,192,206,243,0
325_jpg.rf.ed85fcf922fa30db4bb4aeb74fed2ba0.jpg 160,158,185,229,0
128_jpg.rf.f1e5b4dfa1ebb7ff987b06889f2bcc4a.jpg 194,257,262,412,1
265_jpg.rf.f3bec75ad5e7e2ed1fc628554a74ba04.jpg 110,134,148,257,0
133_jpg.rf.f59b4115016a4e5d903c23378a05cabd.jpg 194,182,221,287,1 125,171,159,272,1
60_jpg.rf.f23b82736a1438689aed0cf07a029fe3.jpg 210,171,246,371,1 183,211,219,360,1
209_jpg.rf.ef211d27114d3f411df1910c98a1f56b.jpg 184,123,204,168,0
352_jpg.rf.f476f18ee34a7b08be8ab34fed9b9658.jpg 209,179,227,250,1 191,201,218,295,1
318_jpg.rf.e933ae988471a2a6fb7056a2162167ce.jpg 208,168,235,271,1 271,203,284,244,1
169_jpg.rf.f4bcc638b7b5dc33e3a17ee8c63b1254.jpg 108,79,176,348,0 270,50,397,407,0 169,143,204,276,0 248,164,293,287,0
168_jpg.rf.f9ad3962e539f0464d0eb85745cb0367.jpg 194,173,209,227,0 176,177,192,231,0
427_jpg.rf.fc8d748f41ec63ee99e4388a0c287288.jpg 205,127,284,361,1
326_jpg.rf.fa0e1f8a54f81cd36841ec59bd7a0ffa.jpg 165,171,203,361,0 109,180,177,413,0
69_jpg.rf.f64bccbdaf499a7b1e14ae312068312a.jpg 196,152,236,284,0
245_jpg.rf.f4c5adbb96c09f21e7da5a8229adda98.jpg 178,175,220,285,0
298_jpg.rf.f820f60a1970f19876d8c5aee0518ec5.jpg 164,208,187,295,0 197,215,218,288,0
94_jpg.rf.f26c6ce13426e989326f74f47a199e46.jpg 156,184,216,364,0
30_jpg.rf.f1ca3fa3bcc5b40b4c5039911dab2641.jpg 211,203,234,297,1
214_jpg.rf.fd5255e597014b3d7756418caf0cc2e9.jpg 214,91,252,189,1 270,88,295,184,1 250,104,273,182,1
124_jpg.rf.fa7c0fd4a65fe7645a74baa886a7f8b2.jpg 271,158,304,295,1 293,3,415,404,1
99_jpg.rf.f3f6f975d0375b53cf80324844a8ab5a.jpg 182,191,202,241,0 160,198,171,229,0
29_jpg.rf.f4f87df4734fa59877a6adabcc1dfc43.jpg 143,147,214,413,1
88_jpg.rf.fdba6554f9f103131e61ab1a798c12d7.jpg 137,196,176,295,0
358_jpg.rf.faa964bcdbfc8432eb9ed6f5ecdd2bff.jpg 154,176,176,257,0 178,174,212,284,0
112_jpg.rf.fce6fa47825fb872ff7d2508343b392f.jpg 196,188,213,255,1
301_jpg.rf.f609a9df03696b1edb7372029733126c.jpg 214,140,234,269,1 257,151,281,253,1 219,135,260,296,1
192_jpg.rf.fd6da7cae53484fb85cbf6135d339846.jpg 157,144,211,281,0 245,167,264,227,0
395_jpg.rf.fe9ac4d782c60174a60b256236c1e262.jpg 207,95,246,284,1 248,106,281,274,1 272,127,300,251,1
266_jpg.rf.f92eb3ce4a7d48c993af87c66d5b9fbd.jpg 131,139,156,234,1 201,189,217,236,1
317_jpg.rf.fc0555e0152f0802eac8762f425a3e19.jpg 282,235,329,320,0 194,223,231,307,0 263,191,302,269,0 228,187,257,255,0
137_jpg.rf.fce0e7a109aa5e36f9c215b4f57c2324.jpg 220,139,257,311,1 187,144,221,283,1
20_jpg.rf.f203e708d540fd3d3a2963d8b718d7c8.jpg 170,159,184,200,1
425_jpg.rf.02b4c493889364f3d50372de950e4dda.jpg 209,175,238,252,1 143,184,174,287,1
385_jpg.rf.00d64523dc5de199bf63b0456933ee68.jpg 161,285,191,376,1
391_jpg.rf.0277fe4f8f33a75959b7f4441e2bfdc0.jpg 181,163,216,243,0
109_jpg.rf.02506d93d5b80acf7e15653453aa9944.jpg 241,156,313,412,0 177,147,252,408,0 62,180,83,262,0
99_jpg.rf.02dddf70b00787284dd8f689de456d2f.jpg 214,191,234,241,0 245,198,256,229,0
49_jpg.rf.02f8d379fbe94a1713e0867095179cfb.jpg 188,196,229,263,1
320_jpg.rf.043ba8d627850c91eb5996e71f3c788e.jpg 188,131,222,290,1
395_jpg.rf.0460db0c9392fab3ec61447fa39cf2f6.jpg 170,95,209,284,1 135,106,168,274,1 117,127,145,251,1
126_jpg.rf.03aa9ac5610fd2e12dd14a9240d84050.jpg 151,43,218,274,0
27_jpg.rf.04ea2fb2e31e6c36287cef993ae05356.jpg 141,137,165,240,0 180,127,203,223,0 164,131,190,228,0
83_jpg.rf.04e2672f423fe871c2afc41ae4911c62.jpg 185,192,238,385,1
330_jpg.rf.0638f6aa1fdb9f397632244ba5a9c1a4.jpg 189,195,203,234,0
405_jpg.rf.06b78bfba2eed03f5f9a4bf9d5997abf.jpg 132,128,183,279,0 229,143,261,271,0 251,76,312,330,0
204_jpg.rf.013c531e7bbbb66dca3c2a0b7910b202.jpg 147,152,175,240,0 220,142,248,257,0
117_jpg.rf.056b3b26a12f3b526c1c3066ee329bfb.jpg 203,201,214,252,1 216,192,233,255,1
112_jpg.rf.0766f79c3d0763fc04f52570349127a6.jpg 203,188,220,255,1
165_jpg.rf.0700803060582e9dc2c902ff7123d1d4.jpg 194,259,213,316,1 178,247,199,323,1
208_jpg.rf.074ac675a2abc8a5f1c09a59ac018290.jpg 305,188,332,264,0 229,176,256,259,0 210,192,232,243,0
58_jpg.rf.04b6a168d92172aa0780d80ded1ebecc.jpg 170,198,191,255,1
410_jpg.rf.08b8e27eeaedd77727d74c1db9621803.jpg 180,131,237,339,0 245,158,275,274,0 221,163,245,248,0
151_jpg.rf.0898af6554ea75098cd964f86d035ef2.jpg 202,159,243,276,0
290_jpg.rf.0837f868fa7d4a26772928f210e0d3dd.jpg 184,182,225,320,1
76_jpg.rf.068b411610cb83ae09dece2658aa10c8.jpg 218,188,248,259,1 171,198,193,268,1 150,167,175,255,1
414_jpg.rf.07c4714263454e0f02ff55424fef34df.jpg 211,170,237,262,0 62,92,155,392,0
376_jpg.rf.08fe24cfa91497f8afa0d58ed3b98405.jpg 141,61,279,413,1
124_jpg.rf.08d148d3e7eefc16d7e70fd0ccfd80c0.jpg 113,158,146,295,1 0,3,123,403,1
133_jpg.rf.079f004767c5534eee4d0b0e8905efff.jpg 195,182,222,287,1 257,171,291,272,1
89_jpg.rf.063732ed89f4f8c9ee4028bfb5705032.jpg 182,171,207,264,1 219,176,239,308,1
195_jpg.rf.092c9cd17eb3d431d48fcaad4ee8dcdf.jpg 187,167,225,268,0
132_jpg.rf.0ac3be04badc70cc57fcd39684241f5a.jpg 209,220,225,279,0 194,226,209,297,0
412_jpg.rf.0b4c44d0d17bef88bf0f61012abfe9dd.jpg 204,0,293,183,0
414_jpg.rf.0b8fb6514b5d1aefc8fec764ed7b5773.jpg 179,170,205,262,0 261,92,354,392,0
212_jpg.rf.0a0678a9cb9dca225095ba931dc1c994.jpg 150,115,175,219,1 189,158,208,205,0
218_jpg.rf.0b3235d3cc3ca2b524a025bb809363ee.jpg 112,146,144,231,0
262_jpg.rf.09d9c27368cf558bc68efcf5e0833f8c.jpg 209,136,230,225,0 170,127,212,311,0
281_jpg.rf.0e0fdd6a47f6c3cf64132f53d3f42a15.jpg 162,158,203,351,1
36_jpg.rf.03720a57719e088aeecb2962c8ef69d6.jpg 288,148,313,231,0 288,143,317,231,0 316,143,343,241,0
53_jpg.rf.0c2be0ba0bb084847701bd00dfc220da.jpg 248,165,302,351,0
350_jpg.rf.101664501457aff9e09ed21914a7ab50.jpg 165,195,176,227,1
227_jpg.rf.0dbb66fb37674c81aa273342243400ca.jpg 144,139,225,413,1
11_jpg.rf.0d49d1e13eb25b53c23476f5b133e72f.jpg 331,199,401,399,1 69,175,99,284,1
84_jpg.rf.119f452792c39850f5c6e24e9cf4a093.jpg 185,175,234,319,1 243,195,289,292,1
309_jpg.rf.0e8c1247fc94daa4b4f03de4409e4148.jpg 182,179,209,260,1
23_jpg.rf.12b6ea2ded4aa2a2055e96d9d6b483d2.jpg 205,164,216,195,0
279_jpg.rf.0b9078521bcf172f83c037794d1a86a6.jpg 69,172,98,231,0 114,156,139,239,0 275,172,315,275,0 205,92,284,337,0
311_jpg.rf.12c67af93b0ec11fd387e0a178a68fb7.jpg 209,159,266,321,0 140,186,162,257,0 169,176,198,280,0
388_jpg.rf.1016a0376c3cc4fb1eeba42316c5521b.jpg 152,131,227,364,1
285_jpg.rf.0c583062e11a5ba18a63c3b8152105de.jpg 173,132,192,176,1
202_jpg.rf.121c37af52981d389d05fea0c274766d.jpg 184,160,213,267,0 214,151,247,280,0
54_jpg.rf.101fe1a65f2ad0ca00f8acadc4fcb3ba.jpg 252,147,298,259,0
399_jpg.rf.11f9fbd97b87a7a989660465c9a8fd23.jpg 337,133,364,188,0 206,131,228,234,0 265,84,282,109,0
277_jpg.rf.0e3f598b8424a7b2ea8c9ee7d95bfab1.jpg 252,176,279,256,0 204,125,242,280,0 144,148,175,251,0 103,175,120,224,0 124,172,135,231,0
299_jpg.rf.0fd444746903253fab9b10eebe40361c.jpg 15,259,54,348,0
142_jpg.rf.144cbcc6397ac91507bbe675102e727a.jpg 178,153,203,226,1 178,156,207,226,1 177,152,207,227,1 213,155,239,238,1
179_jpg.rf.1596ac56fea5a3cea3afc149527b1559.jpg 202,177,226,257,0
429_jpg.rf.17140fced3345dfd8c9cf625ecd90ac4.jpg 0,127,33,236,1 168,139,202,257,1
370_jpg.rf.13332e30515459e2988a7084901a8f67.jpg 291,198,338,283,0 180,235,232,375,0 250,174,277,248,0 209,180,233,256,0 170,199,198,275,0
170_jpg.rf.1d67e6a1f7aee0d700758fa3035681aa.jpg 260,103,296,226,0 300,127,326,205,1
197_jpg.rf.1bc19ba974238d8efc491c7aff380d30.jpg 148,140,173,256,0 192,137,216,240,0 168,137,195,231,0
109_jpg.rf.136d3ade06c70bb642a94de3933c98f7.jpg 103,156,175,412,0 164,147,239,408,0 333,180,354,262,0
135_jpg.rf.118e1b86ee65ed2ab3e2d6c87a0196d6.jpg 209,153,242,238,1
205_jpg.rf.14848595d9a91eb0e66fc656f4449ffc.jpg 194,192,209,235,1
212_jpg.rf.1c6ed59ccb3a1460fedcffcd9f90f499.jpg 241,115,266,219,1 209,158,228,205,0
48_jpg.rf.1701469e91f392fc1ad06695aef7830f.jpg 230,175,261,272,1
162_jpg.rf.13255c72c0201bd3560c042ba3a80c14.jpg 203,179,239,300,0 154,153,189,284,0 230,153,252,238,0 186,155,212,272,0
332_jpg.rf.06be3d90d2675cce45bb17e816a0fcf1.jpg 74,182,115,251,0 202,198,238,276,1
148_jpg.rf.18babeffc9d0a3fd2ba13c2f0832711f.jpg 202,73,224,151,1 194,168,213,240,1 220,172,232,224,1 205,171,229,228,1
367_jpg.rf.212520f293e8cc11ca1b8beba13ec94b.jpg 250,113,277,205,0 214,112,246,204,0 153,295,233,413,0
56_jpg.rf.1e045099553599943066d22682beeca7.jpg 392,124,414,201,0 198,142,233,228,0
415_jpg.rf.1e9dd0aa6b8f22806090ec87ddd6a20e.jpg 183,120,268,403,1
353_jpg.rf.1c4825a4d640cac79f17729e44b8aa0c.jpg 193,199,203,236,1
410_jpg.rf.249ce92987cf279aaa093d65710310bd.jpg 179,131,236,339,0 141,158,171,274,0 171,163,195,248,0
424_jpg.rf.1c155ae7d06fa017a22f4f248b9d7e14.jpg 266,135,349,413,0 176,195,190,243,0
108_jpg.rf.1dea1e6261cd7a9df18eb8b7ee0b33cb.jpg 188,168,227,296,1
167_jpg.rf.194da30e19ee27d99f218f74ac44aa09.jpg 203,151,231,232,1 158,146,195,236,1
147_jpg.rf.1e1b4251d85b597eb910dfbff7b93edf.jpg 194,205,214,269,0
399_jpg.rf.17e8e45e7138ecd87335e9cb5b1ced44.jpg 53,133,80,188,0 188,131,210,234,0 135,84,152,109,0
224_jpg.rf.20b3fe0fb81765fcbaeb2afe01a289a7.jpg 121,110,181,349,1 167,139,248,389,1
7_jpg.rf.2632ac880dafffb0ebd1f5e5b697852a.jpg 375,165,411,305,1 214,168,248,339,1
433_jpg.rf.24789d8992c54909942756b0cd6c68b9.jpg 216,122,270,349,0 216,122,270,349,0 173,152,216,296,0
342_jpg.rf.29737b882b09d34d1308ac4482b2b2e1.jpg 248,149,315,341,1
364_jpg.rf.1446f6af358a3b6fa9845a44b08a2cc3.jpg 210,182,235,235,1
55_jpg.rf.21488f311690097f5ae9ed41b9c48330.jpg 153,142,189,256,0 223,170,254,236,0
284_jpg.rf.2733c59d2001183663ec487ad92d338e.jpg 184,144,218,223,0
175_jpg.rf.2b8699f831a0103dc58782be041d0606.jpg 209,160,230,251,1 182,177,214,257,1
226_jpg.rf.2799ef273b425110e489b0e5983866a5.jpg 221,159,245,252,1 121,215,141,267,0
303_jpg.rf.29b620a4fb48b0a9b1acd5dccfbcfa0f.jpg 203,163,225,283,0 226,172,245,247,0
166_jpg.rf.2c16595b43dd545a8f6a9f4bd9b9aaab.jpg 185,195,212,247,1 182,195,210,247,1
226_jpg.rf.294da768d595d888e2bbe04d30b1de22.jpg 171,159,195,252,1 276,215,296,267,0
50_jpg.rf.277519448e7596d016470eb2772216d0.jpg 180,182,237,406,1
113_jpg.rf.2ae7218da17cefcedd345fdea41a7ecc.jpg 180,158,194,228,1 152,165,170,241,1
415_jpg.rf.2ba0e044f6e28e78f247134b390bb5da.jpg 148,120,233,403,1
420_jpg.rf.2b6d186c45d05a67d1e5064c05ba091e.jpg 228,128,268,248,1
136_jpg.rf.208a2e0d280b7a27449f69eec5d0d7f0.jpg 225,160,246,219,1
433_jpg.rf.2c12072f887cf615fbfc2ff1d469b795.jpg 146,122,200,349,0 146,122,200,349,0 201,152,244,296,0
200_jpg.rf.2d11fc7aa404e0ba5ef03ea1f24650c6.jpg 162,115,214,337,0 246,148,268,213,0 225,155,248,214,0
262_jpg.rf.2b94f1266fa5959ab51f3e1f41b585a0.jpg 186,136,207,225,0 204,127,246,311,0
197_jpg.rf.27d0a45bd9008cefc45559efb86d434b.jpg 244,140,269,256,0 201,137,225,240,0 221,137,248,231,0
258_jpg.rf.2c2743e7a0a20e71418cd117bdc510f6.jpg 245,170,337,412,0 193,179,228,354,0 103,176,139,331,0 1,176,29,352,0
239_jpg.rf.2d77bb1e710397bb244e1e3a4ee4e9b6.jpg 203,130,263,283,1
154_jpg.rf.2e3e6668eaca225fcb4062e386e0affa.jpg 190,103,225,236,1 265,57,330,279,1
232_jpg.rf.2a12efa846c7f4a8f4bc6f4e908c0687.jpg 216,151,235,203,0 117,137,144,239,0
241_jpg.rf.27b8ec02ba3b1620c32f7bc461d57148.jpg 203,184,222,228,0
351_jpg.rf.2dffdedaca4d59bacf0216424037f1b1.jpg 216,143,246,234,0 363,130,392,196,0
225_jpg.rf.2c218426c93e2540d1988fc1b156faf6.jpg 218,144,237,198,0
352_jpg.rf.2f79305c930f90fb481dfc1c9c7e70be.jpg 189,179,207,250,1 198,201,225,295,1
199_jpg.rf.331210da042bef917d8462151f36e227.jpg 112,113,179,404,0 200,172,219,243,0 175,170,191,244,0
324_jpg.rf.34e06d4db39e8c41ac1953cbe1be32cb.jpg 128,134,151,205,0 181,143,203,243,0
276_jpg.rf.301189c24765ef806d6135db72d41ab8.jpg 227,180,246,245,0 207,179,221,234,0 194,229,232,357,0
183_jpg.rf.3405e76d09ddbdaec91e6dd7f325ad13.jpg 191,148,246,337,1
222_jpg.rf.343cec332495be70dc72a35ddb355381.jpg 226,182,254,255,1 191,193,210,244,1
362_jpg.rf.30f3dd77dd79cb739fae8bb369416320.jpg 279,148,321,309,1 229,155,273,342,1
286_jpg.rf.2de58854aaf352077937ee0c76dd12be.jpg 193,170,210,228,1
184_jpg.rf.347edc06e65ce5110f27803c52812765.jpg 212,175,238,245,1 188,170,210,223,1
210_jpg.rf.35f0e53bc7ca6e85eca30936ba71a6b7.jpg 148,164,170,216,0 183,164,203,220,0 183,160,203,220,0 211,156,230,217,0
23_jpg.rf.35112fe43ccc5189f48cc566b2d21b12.jpg 200,164,211,195,0
366_jpg.rf.361dba9bfb7651d84b2d53118d2bcd5e.jpg 179,143,207,236,1 143,152,173,243,1
381_jpg.rf.36f3ada7549eefee53d2d311aa17155a.jpg 304,134,364,309,1 199,139,265,413,1 182,124,253,412,1 155,183,191,256,1
207_jpg.rf.3562d19fbf2c0f35d26d1f7475353bd5.jpg 146,198,170,247,1 100,192,121,243,1
277_jpg.rf.30404b6081591bcc85b6a159c4e00317.jpg 137,176,164,256,0 174,125,212,280,0 242,148,273,251,0 296,175,313,224,0 281,172,292,231,0
318_jpg.rf.36fe6fad3fcc5896b8c9a1606d25bbe0.jpg 182,168,209,271,1 133,203,146,244,1
381_jpg.rf.362eff129f8b90dc559470f7195a77d0.jpg 53,134,113,309,1 151,139,217,413,1 164,124,235,412,1 225,183,261,256,1
63_jpg.rf.35d6bb0408f1c734941dd96d1808aa34.jpg 166,104,194,198,1 189,173,210,241,1
403_jpg.rf.388e128de51aaffbecb95d34d29b2039.jpg 182,144,248,412,1
382_jpg.rf.3cab1038a71ea441f3fec63fbd9c7cf5.jpg 236,137,304,379,1
297_jpg.rf.38a09764d33e0b7be54ae97c643a5f29.jpg 167,156,203,276,0 197,164,225,267,0
282_jpg.rf.38594f9fa2ccca91af61072ab0942035.jpg 197,164,309,396,1
339_jpg.rf.37aeaca1cd636c03370d26a1b0b7ba91.jpg 158,207,172,236,1
315_jpg.rf.36c37490291fc6070c55d5b73ee0c57b.jpg 169,146,233,400,1
38_jpg.rf.2f800dfe5d3de122194086cdbe94a28c.jpg 148,158,178,274,1 226,176,243,235,1
326_jpg.rf.3a25b52c5c72239e63c061537e5fd8be.jpg 214,171,252,361,0 239,180,307,413,0
330_jpg.rf.39c57813a5df9088e1c39b7cae3a6dec.jpg 213,195,227,234,0
188_jpg.rf.3c7982e976ac812afc1d90ba20c74d90.jpg 242,174,275,257,1 219,170,235,228,1
417_jpg.rf.37a538a88415736183b76bdab895ad4c.jpg 262,204,284,260,1
351_jpg.rf.3d937f7f41ab4a7f9cd53b506ed01acb.jpg 170,143,200,234,0 25,130,54,196,0
400_jpg.rf.3eb623a333709e78bf3a98eeb7c13264.jpg 191,193,221,276,0
67_jpg.rf.3e12cd80b3bfc84c311e0aef57a4819f.jpg 91,92,116,184,0
334_jpg.rf.3c80656509fe7eaac7c2d792681c80f2.jpg 147,170,182,284,0
137_jpg.rf.410e5a3b96e1b0f2575e4b0db77b8a66.jpg 159,139,196,311,1 195,144,229,283,1
317_jpg.rf.351e9f33bc4d257ea20572c142e33fac.jpg 87,235,134,320,0 185,223,222,307,0 114,191,153,269,0 159,187,188,255,0
377_jpg.rf.3e9049473f55436d85cfd9c818df6817.jpg 227,184,250,235,1 146,139,232,367,1 1,0,190,413,1
217_jpg.rf.339a97cef938fca70c7de09b67a7655e.jpg 222,188,244,259,0 202,183,218,252,0
163_jpg.rf.3e08984223a474c10b2be53bb12b231b.jpg 184,146,225,268,0
191_jpg.rf.447438a14fe43c41f6c575e61f9b4c76.jpg 186,183,245,311,1
199_jpg.rf.3f692065902ba0e3d4ae8959a405bfef.jpg 237,113,304,404,0 197,172,216,243,0 225,170,241,244,0
232_jpg.rf.3f60f9e849b0908d8ee3e8da53c95790.jpg 181,151,200,203,0 272,137,299,239,0
167_jpg.rf.464cec62d1ae3bb0969a36069324a490.jpg 185,151,213,232,1 221,146,258,236,1
27_jpg.rf.3f9a77a92e80e1ec8a91598645cd2c9c.jpg 252,137,276,240,0 213,127,236,223,0 226,131,252,228,0
425_jpg.rf.46749d68d6893a1e612caa7c73549c70.jpg 178,175,207,252,1 242,184,273,287,1
185_jpg.rf.43f8ef13e2273ba758ae28a766f5b326.jpg 189,189,210,236,0
220_jpg.rf.487787adbdebf90a3208ee10a5f3927e.jpg 181,56,225,284,1
346_jpg.rf.42f5a86bf704c0cedb1e8ffa2244bf51.jpg 174,170,206,281,0
378_jpg.rf.4889e7bbfe241f131cf63f6c4d701a31.jpg 191,170,216,244,0
24_jpg.rf.476bc8edf0e6d6f3c0ccad5e3bcf173f.jpg 249,155,289,243,0 171,210,225,348,0 216,149,239,210,0 178,144,198,234,0 146,175,181,271,0
314_jpg.rf.468cdb5f63ccf018cf565a7b71d6d7db.jpg 191,175,221,339,1
93_jpg.rf.46786ef12412ddce6572354e3b714995.jpg 174,148,207,248,0
380_jpg.rf.406e1cd24617cbb265feb0d367ca7812.jpg 198,147,252,371,1
331_jpg.rf.3ea1cf103733fddf27fb63d58e8ed748.jpg 174,189,195,252,1
138_jpg.rf.4393f8eac8726877871bd4476c5bc3ad.jpg 158,140,208,274,0
123_jpg.rf.451722693452207f9cbd5f1ab987644a.jpg 164,187,236,413,0
189_jpg.rf.4dd8aeeec1a3aa7eb74e6487326b23e2.jpg 189,191,214,264,0 237,192,259,256,0
346_jpg.rf.475d9a25eb979abacd4aad2b3377e9c8.jpg 210,170,242,281,0
333_jpg.rf.442273ba84ac68d8338f26122e6b6ec1.jpg 211,179,253,288,0
221_jpg.rf.4643c11911b06f7c5e738d3a850a3406.jpg 261,173,296,241,1 201,170,225,228,1
397_jpg.rf.4bc15ad0c7ddd019128d637f64245dfa.jpg 213,184,232,241,0
175_jpg.rf.498297185858938cae82de83a5936c76.jpg 186,160,207,251,1 202,177,234,257,1
328_jpg.rf.45979561870c02c75e0e89cf0a6218f5.jpg 109,172,128,247,1
387_jpg.rf.4d8fc56b1d44a425e6fc13a7d5b11e5d.jpg 153,163,185,241,0 229,137,293,305,0 186,143,224,275,0
68_jpg.rf.4e2f6e327e6d079c1460a7929ae60170.jpg 201,155,242,296,0 259,153,280,272,0 232,160,262,275,0
160_jpg.rf.4bc1a9fc88bf34308c8fef655dbd531c.jpg 62,168,174,412,0 162,172,214,413,0 232,198,252,244,0
332_jpg.rf.4d23669ce911b511c7cbfd4f52036d25.jpg 302,182,343,251,0 178,198,214,276,1
217_jpg.rf.4856b8b5fecedfdb8d1c12bf0aa698b4.jpg 172,188,194,259,0 198,183,214,252,0
206_jpg.rf.4d9d9499f70643eb9576b4aef96b7e8c.jpg 168,104,198,196,0 157,244,238,407,0
201_jpg.rf.50a30eaaca0bb4c78f635a56bb3a0dcf.jpg 184,175,233,392,1 227,215,264,351,1
275_jpg.rf.4a7ba2763056e5584685adaa8a4baddd.jpg 187,153,209,244,1
247_jpg.rf.4f236fefb10390d7f1e84d0c8e182332.jpg 165,155,216,366,0 109,165,155,336,0 83,155,126,335,0
264_jpg.rf.5483a179fc7b147dd524caf82c267735.jpg 342,165,369,256,0 326,160,349,251,0 311,156,333,229,0
235_jpg.rf.4f264da7fd950877d5ae44785a4f690e.jpg 106,125,139,227,0 162,130,185,180,0 137,130,162,177,0
248_jpg.rf.53ed9ad441c8f38522c1a2950be87eee.jpg 214,127,230,174,0
406_jpg.rf.4e71a07d07c6254df304bc7fff51ec02.jpg 142,118,182,290,1 223,27,336,413,1
163_jpg.rf.519e4707fc76bf4eb708d52b2a12611b.jpg 191,146,232,268,0
360_jpg.rf.54ecbbd686bef8b6021020361823e053.jpg 184,144,217,295,1
305_jpg.rf.5044b1defe886784229a8da653c9a004.jpg 218,188,234,245,0 248,196,264,241,0
183_jpg.rf.54b378faa436dd3f53f703ee88614e94.jpg 170,148,225,337,1
337_jpg.rf.561b794f8885fec9f23eb9b94590383d.jpg 262,193,345,408,0 358,188,415,411,0
117_jpg.rf.54b24f97ebdb0e85f7abd039caaa1a98.jpg 203,201,214,252,1 184,192,201,255,1
377_jpg.rf.53abbf6e0a0086937cf7e30dc4e18155.jpg 166,184,189,235,1 184,139,270,367,1 226,0,415,413,1
248_jpg.rf.562e0c055453f6b9aaf6536f84a8a265.jpg 186,127,202,174,0
4_jpg.rf.572c1d6a622ef3e6dcd053d9384ba388.jpg 52,159,83,260,0
155_jpg.rf.59da452b5d26461b89a0221e6eeeedf9.jpg 176,176,212,291,0
125_jpg.rf.5793a6720de94efe6f7a6d8aad8f0b62.jpg 178,173,241,344,1
146_jpg.rf.585eea76718c76418976467110d443a6.jpg 186,170,237,397,1
247_jpg.rf.47ee41df95b4bd54f8c0ab70865f7bf8.jpg 201,155,252,366,0 261,165,307,336,0 290,155,333,335,0
8_jpg.rf.51addffc544c64219c18dc568940b083.jpg 94,92,168,268,1
288_jpg.rf.55202c7e55d1cf98b09e370e6b0594e9.jpg 167,143,196,243,0
249_jpg.rf.59d87943e040a3aef211a7551d0551be.jpg 274,175,302,235,1 174,182,199,278,1
116_jpg.rf.582197e5d280b2a5d14193bacd79c666.jpg 217,187,255,413,0 196,151,220,229,1
224_jpg.rf.5a7f15ad8afb2d6a8b36986f6701967c.jpg 235,110,295,349,1 169,139,250,389,1
190_jpg.rf.50bf0db75d40e8cbe4a0fcd1c669d8bd.jpg 168,152,204,280,0 261,180,291,264,0 232,170,246,238,0
65_jpg.rf.58009719a04ffa9571131238f089788d.jpg 267,147,401,413,0 187,170,223,296,0
249_jpg.rf.5ac9e6d73e9da6580a440d6a7606f204.jpg 114,175,142,235,1 217,182,242,278,1
89_jpg.rf.59130a20edb7364f948720c4d2d2dbba.jpg 209,171,234,264,1 178,176,198,308,1
213_jpg.rf.5a0d46562e43c2b179d185fdd522e149.jpg 187,123,245,323,1
19_jpg.rf.5b825f2c60c99619450fcdc9169272b9.jpg 179,179,207,278,1 108,140,150,271,1
279_jpg.rf.5ad06d4500466df7d39be20d815fec64.jpg 318,172,347,231,0 277,156,302,239,0 101,172,141,275,0 132,92,211,337,0
222_jpg.rf.5b0c4ecc1769abc1c07f170dc5165150.jpg 162,182,190,255,1 206,193,225,244,1
255_jpg.rf.579c8e6af57b649c4b5a494bb8c77dda.jpg 107,193,127,251,1
272_jpg.rf.5ba58f545659ae7278b43ff6079c1811.jpg 221,189,241,264,1
169_jpg.rf.5c207a3fc50f8fd279bce02efc8d7191.jpg 241,79,309,348,0 19,50,146,407,0 212,143,247,276,0 123,164,168,287,0
209_jpg.rf.5c0d2bbcc40eb8fb40d605fcc0a602a2.jpg 212,123,232,168,0
270_jpg.rf.605e21e24ea3486556312c30f2497e01.jpg 102,164,178,413,0 175,165,239,413,0
273_jpg.rf.5c80837d8f88004103496243d4111001.jpg 201,135,254,304,0
74_jpg.rf.5ca46cab60c85158b28b6dd572398dfb.jpg 146,160,182,337,0 191,172,225,276,0
329_jpg.rf.611c5a3b900beaf566f6106701266eff.jpg 205,163,219,212,1
368_jpg.rf.5e766c26899368dad72015e69aaaf47b.jpg 61,160,94,222,0 174,136,209,264,0
118_jpg.rf.61b3809de06871cc17fb2f716ee58e1c.jpg 153,184,177,268,0 235,165,262,267,0 255,171,275,244,0 275,182,294,239,0
33_jpg.rf.5f7e4ef0a43b85e27e88a61301d1ea8f.jpg 177,165,202,257,1
103_jpg.rf.5f792fd2b1cce1d3fa88801c4777ba55.jpg 134,164,150,217,1
215_jpg.rf.5ea07ece93b6c6bed51bc66457770dd0.jpg 183,176,224,296,1
302_jpg.rf.6032a7afa22e112ee2351c8caaff5769.jpg 211,163,270,317,1
102_jpg.rf.63c1b8e0b2ab03e7708aa3627b6f9fb5.jpg 118,120,138,217,1 139,113,179,299,1 183,110,219,259,1
400_jpg.rf.61df87e943373b0a3ba1138f75fc64f0.jpg 195,193,225,276,0
307_jpg.rf.63f308489ed748b104572f2d6dd9d101.jpg 183,160,198,201,1
270_jpg.rf.6210a72f11d9569e70b5a6916406185d.jpg 238,164,314,413,0 177,165,241,413,0
356_jpg.rf.6601fb658fa07b7f363a39e4a784faa5.jpg 187,174,237,404,1 163,217,193,355,1
190_jpg.rf.632bbdda3b9fa793f0b418ebb7973b9d.jpg 212,152,248,280,0 125,180,155,264,0 170,170,184,238,0
275_jpg.rf.62ee0d14a99e11f21f9a78dff8ce57da.jpg 207,153,229,244,1
168_jpg.rf.642d76d76a8480e71628e36f79a21530.jpg 207,173,222,227,0 225,177,241,231,0
280_jpg.rf.644118385445846db0f05226a974047f.jpg 204,140,217,179,1
151_jpg.rf.5f1d5c8308e7a66c85c3e120b87abd63.jpg 173,159,214,276,0
79_jpg.rf.5ef8129126056c1f4820d623128b1f4b.jpg 153,132,211,349,0 131,151,151,224,0
296_jpg.rf.6674962bf0e006e90e781b3b1269927f.jpg 116,115,233,400,1
306_jpg.rf.67913ea9ee36b8dffcdb7d4b9fefe093.jpg 93,182,128,271,1 200,156,239,340,1
320_jpg.rf.5ed1ec459016c4f976fea09e944e1050.jpg 194,131,228,290,1
371_jpg.rf.6b076af91eb2b531cecd132d4fe5c534.jpg 213,182,249,316,0
407_jpg.rf.679afa04ae1bd10102ac96e2a9ed4f6b.jpg 103,156,142,274,0
29_jpg.rf.6a3979db4b28b97493d4efb5042a82e8.jpg 202,147,273,413,1
431_jpg.rf.685d2d5a9cfd89dd12acbd2dbbedc132.jpg 96,152,132,288,0
106_jpg.rf.68b9b3dabad6f7185fb80a9fa5ad0eae.jpg 191,168,246,348,0 169,115,188,158,1
323_jpg.rf.6c67c574f07a1e8245f5c8051fc60991.jpg 222,146,246,208,0 161,257,196,354,1
403_jpg.rf.6ba1016244567f5dc29d3f465b6c3681.jpg 168,144,234,412,1
402_jpg.rf.6c14b588fe30d06a19b94aa4851592fa.jpg 164,180,202,271,1
123_jpg.rf.67549393d3ec889e8684652edc6ba475.jpg 181,187,253,413,0
55_jpg.rf.6ec29c3fb505c494588e1e706d88b57e.jpg 227,142,263,256,0 162,170,193,236,0
186_jpg.rf.6ce9e0814acef45198a5ca7b6e2df893.jpg 142,152,158,205,1
92_jpg.rf.6492bbab4e2e98ed990d48816fe13bef.jpg 200,158,228,260,1 225,216,248,263,1
261_jpg.rf.6dbf86611c730d129bdb3799f9947db3.jpg 187,208,212,269,1
187_jpg.rf.6bf3b0beaa11b8b4dba132c17124ef53.jpg 164,203,203,359,1
5_jpg.rf.684b1e156e7de214ff7e086794087116.jpg 210,167,277,290,1
186_jpg.rf.6cc4e80a2ee2d6d72b7f7b452a68dfd0.jpg 259,152,275,205,1
296_jpg.rf.70479740f1aeddc8648a2bd825a0c31c.jpg 183,115,300,400,1
81_jpg.rf.72f11ed5c04a6f7c865a4994330519f3.jpg 212,195,232,234,0 174,196,191,224,0
26_jpg.rf.6ec0df07b595ae1bbe1441de98184ddf.jpg 232,134,243,165,0
4_jpg.rf.6f47bba8886adf33c860b82140bcfa6f.jpg 334,159,365,260,0
258_jpg.rf.6eb0854bb755a6ed88f994066d59266a.jpg 80,170,172,412,0 188,179,223,354,0 277,176,313,331,0 387,176,415,352,0
90_jpg.rf.7118a1bc6a941f4adc27258ab8935657.jpg 146,115,223,408,1
385_jpg.rf.7007477d1d77ba7978c69a3d711a4889.jpg 225,285,255,376,1
12_jpg.rf.71ac595a025cd91b61c3bbe0a377ea2a.jpg 157,174,218,413,1 203,205,241,385,1
150_jpg.rf.755b714621166285cff14f7c17967d7d.jpg 198,140,234,255,0 164,153,207,332,0
44_jpg.rf.722648944086bf7b2503a5ceca560da5.jpg 83,164,105,224,1 123,164,144,231,1 195,151,236,267,1
146_jpg.rf.76318ee313d141cfa79015f3111fcc65.jpg 179,170,230,397,1
281_jpg.rf.73c5e79c67ad53fe62c1b301e0cbb9a9.jpg 213,158,254,351,1
290_jpg.rf.70e0bb1d128f8237f424fb095ac7586c.jpg 192,182,233,320,1
205_jpg.rf.7004088a2a976f9851f0a124a0b17e4b.jpg 207,192,222,235,1
82_jpg.rf.7a394f49c75c7e1669e3901b7e73e6d9.jpg 132,217,162,337,1 207,205,230,295,1 171,207,205,309,1
125_jpg.rf.768fbd967648745d7bee5e209157f4b4.jpg 176,173,239,344,1
36_jpg.rf.77418e987bba850128519822ac278bae.jpg 103,148,128,231,0 99,143,128,231,0 73,143,100,241,0
426_jpg.rf.770d09d674e10d0deda01c21b6ef74d1.jpg 190,148,209,193,0
342_jpg.rf.7a127b4cfd9cb2cfcdd3e4feb1e86d58.jpg 101,149,168,341,1
282_jpg.rf.789a087af01909985d7572d09763021c.jpg 108,164,220,396,1
376_jpg.rf.7a3a18a0e6632bf12d726359769239bf.jpg 137,61,275,413,1
430_jpg.rf.7a3f6db2c5296d45d47b023d5f15b170.jpg 232,96,338,413,0 127,130,193,413,0 187,132,209,205,0
388_jpg.rf.7ba009ba60206884827929c1f0f04081.jpg 189,131,264,364,1
304_jpg.rf.7732630cc3c0b15ff990beaba8761567.jpg 155,147,188,257,0
252_jpg.rf.7899a2f765d64951360edc979922264b.jpg 200,177,225,253,1 254,173,286,317,1 221,176,255,307,1
155_jpg.rf.7c2f9e2b5e5374252808a4bcde194e7e.jpg 204,176,240,291,0
390_jpg.rf.7c8d032d75601bc33005eace34830a0d.jpg 137,212,173,295,0
5_jpg.rf.78ed865ab94e7c7ca895738cfdfb8bdc.jpg 139,167,206,290,1
401_jpg.rf.7ce859a3e87137cfec101ead80027ad8.jpg 166,161,217,281,1
283_jpg.rf.8054d2b3fc257c78f49d435c2a9c5019.jpg 320,160,358,259,0 255,170,282,251,0 236,164,259,244,0
181_jpg.rf.7dd82bc2e6bc5d9c8f116b7aed66772a.jpg 139,149,169,256,0 182,137,207,239,0 166,139,187,236,0
85_jpg.rf.85083c52d1a103b4a717748f54040727.jpg 149,152,197,299,0 191,153,231,276,0 386,179,415,251,1
140_jpg.rf.7c0de1196f5902c9377005918e90755c.jpg 176,127,220,274,1 219,143,244,264,1
331_jpg.rf.7c8cd1d12f3f5167e87a1318f7e558b5.jpg 221,189,242,252,1
47_jpg.rf.7d341f50efed9854ad3c5ceec7d132b6.jpg 236,104,302,377,1 154,103,207,366,1 126,177,149,275,1
204_jpg.rf.7caab27acc93789a0061f6d3b04bff95.jpg 241,152,269,240,0 169,142,197,257,0
66_jpg.rf.85aa17e5de73f4faa8b2543222b7991d.jpg 194,146,221,250,0 150,156,174,244,0
420_jpg.rf.8255c3587c5c8bef13bd28c670c27ef5.jpg 148,128,188,248,1
85_jpg.rf.7ef935118f40593804fbd86de29896de.jpg 219,152,267,299,0 185,153,225,276,0 1,179,30,251,1
416_jpg.rf.82d544cb4dd13089101ee43d9e1a1ccf.jpg 220,172,249,248,1 197,187,222,257,1
184_jpg.rf.84df14ffb1c2b2c9b8b4c2c566d536b7.jpg 178,175,204,245,1 206,170,228,223,1
68_jpg.rf.84a581826567bdad0e46a767860849bc.jpg 175,155,216,296,0 137,153,158,272,0 154,160,184,275,0
348_jpg.rf.7f7a6d8dc5bbd58bd38059e986d896f9.jpg 103,213,224,411,0
263_jpg.rf.83f3e47eca082596444b4d5bb6bd8629.jpg 140,203,159,232,0
37_jpg.rf.85baa23434c79d6e1ee94fe387170c46.jpg 149,192,162,222,1
423_jpg.rf.85fa2a4b5af1280a1ccc4d42886db23a.jpg 244,183,265,222,1 242,183,264,229,1
359_jpg.rf.85ecefc768822f18bacee45a18058f05.jpg 202,284,226,363,1 0,293,42,400,1
200_jpg.rf.819ba60f539c9de529c10b2fb386b9bc.jpg 203,115,255,337,0 149,148,171,213,0 169,155,192,214,0
375_jpg.rf.84790d9678309720b94e50a02c5cc454.jpg 102,78,175,382,1
333_jpg.rf.80eab0a2820f72cb022ebba07afa6734.jpg 163,179,205,288,0
14_jpg.rf.86150053cbb4a29623d0a22e7309d81b.jpg 153,156,203,271,1 221,192,243,245,1
233_jpg.rf.879b7f044407fa66f5971c37a8c54d3a.jpg 124,168,160,271,0 158,160,180,235,0
412_jpg.rf.83fadc5ecc02e1132d1bea7e2f9191f1.jpg 123,0,212,183,0
305_jpg.rf.7f0135d4a6a6b56d0bfb6000d4987156.jpg 183,188,199,245,0 153,196,169,241,0
62_jpg.rf.8769914335134cc5d0b7895948f7019b.jpg 127,191,200,413,0 244,200,266,257,0 175,183,232,375,0
421_jpg.rf.8726778393a3c3cf50c09dea53a254ec.jpg 218,207,239,239,1
181_jpg.rf.884a27e7bb9e7d79390164715862d8f6.jpg 247,149,277,256,0 209,137,234,239,0 229,139,250,236,0
424_jpg.rf.89cc9eb8d1167dce3e8753d1036fe21d.jpg 67,135,150,413,0 227,195,241,243,0
304_jpg.rf.8a00f06d98a1920a9dfaa5e7e4c2700b.jpg 228,147,261,257,0
129_jpg.rf.8818d99cfb2f4295689120be6b5b6cb5.jpg 269,124,320,307,0 218,164,238,244,0
202_jpg.rf.90d5a747fe4d3c9786d7b2e661da1fa4.jpg 204,160,233,267,0 169,151,202,280,0
432_jpg.rf.8ed38d195e9210f5fbbb954de18d0445.jpg 262,125,305,247,1 202,152,218,217,1
134_jpg.rf.8c3e2ef541002e5dbba613360796f792.jpg 144,236,182,342,1 239,156,271,223,0
84_jpg.rf.883ea62630396c68f78b2b20f29449bc.jpg 182,175,231,319,1 127,195,173,292,1
73_jpg.rf.8f0b182af672a94662e160ee5435fe20.jpg 198,160,245,331,1
353_jpg.rf.8be36728f49580f9b32566e9b6cae5dd.jpg 213,199,223,236,1
16_jpg.rf.8adde24fd3aa3b63b0e9e6f57d948e8f.jpg 189,153,288,379,1
42_jpg.rf.8626bf0ab8934773c278f55510ff314d.jpg 90,142,146,266,1
94_jpg.rf.8e4825bd2b5f02286ced8beecbff0b9c.jpg 201,184,261,364,0
50_jpg.rf.87fb96dae19de6a84e89f06447fdcfcc.jpg 179,182,236,406,1
228_jpg.rf.8a78623c54ffd5135cf2814878fced7a.jpg 200,179,217,226,1
210_jpg.rf.91eb02cc6344b6e62bc9649a1e923bbe.jpg 246,164,268,216,0 214,164,234,220,0 214,160,234,220,0 186,156,205,217,0
401_jpg.rf.909f125bd7f1bb826de57ead713194e8.jpg 200,161,251,281,1
316_jpg.rf.913d6d1f1e32c395b4e961c2cff669a6.jpg 175,146,218,312,1 222,161,248,252,1 205,158,229,255,1
219_jpg.rf.8be1d7d59d0f3766dd766cc2dfb6e320.jpg 236,192,261,251,1 187,199,211,269,1 164,176,180,269,1
233_jpg.rf.8fb3c9f81da525e3ba74b6766f8dce6a.jpg 257,168,293,271,0 236,160,258,235,0
70_jpg.rf.92df6fd9058d9843269ff95d5e030247.jpg 272,143,325,308,0
195_jpg.rf.92b5000bd60761fad9558293adec4213.jpg 192,167,230,268,0
149_jpg.rf.9434d14dfccdfe9b53fef5a8983f011e.jpg 271,172,297,256,1 149,172,184,309,1
158_jpg.rf.917f37ab1df36df1488888ae90138dda.jpg 71,67,177,413,0 231,167,257,259,0 258,159,279,255,0
41_jpg.rf.914af1f4c0f283d3c06936ddcb326187.jpg 157,151,197,283,0 195,144,245,291,0
310_jpg.rf.94c4108ac9e04ab613035e47d089388e.jpg 225,176,252,264,1
229_jpg.rf.94c73ac8bbd66dfcbabecb34e59d8c6e.jpg 184,160,206,222,1
316_jpg.rf.97c007cc250a80c77d8d56319db9caa9.jpg 198,146,241,312,1 168,161,194,252,1 187,158,211,255,1
61_jpg.rf.92ea556a25a7291f36795b45626c5429.jpg 109,155,152,311,0 149,147,190,296,0
257_jpg.rf.967d61f7aabf2f4c94e9ff04ed51ed20.jpg 189,232,221,302,1
263_jpg.rf.932435ac0a41fc55fb46a47427555f17.jpg 257,203,276,232,0
82_jpg.rf.993c499166ac06d58fb5c84c92a8f0d6.jpg 255,217,285,337,1 186,205,209,295,1 211,207,245,309,1
234_jpg.rf.97a71f77baad181fee085cae8997c62c.jpg 150,123,191,247,1
170_jpg.rf.9630f7e384487151109db73ee4614736.jpg 121,103,157,226,0 90,127,116,205,1
227_jpg.rf.9c3b282a23e59c7367f0d6776047c970.jpg 191,139,272,413,1
63_jpg.rf.93605aa10e302797b0af36770de8460a.jpg 222,104,250,198,1 206,173,227,241,1
371_jpg.rf.9658d017adb2495c7caa0a391dd95192.jpg 168,182,204,316,0
25_jpg.rf.9c0da5b25c83403d7f52a55ab500be71.jpg 98,170,182,413,0 174,173,221,409,0
402_jpg.rf.980371e72b3c5737c7d16ee7f208edc9.jpg 214,180,252,271,1
188_jpg.rf.95152646df45b72516142e07fb0ff27a.jpg 142,174,175,257,1 182,170,198,228,1
297_jpg.rf.98ccb6dbe3f3cf3c8c70a3153bef7e9b.jpg 213,156,249,276,0 192,164,220,267,0
242_jpg.rf.9a2c1bc8557aaa84dabe8cb7aea97218.jpg 170,136,239,409,0 141,152,166,255,0
394_jpg.rf.9fe5b07ad7ac0bd5cb99ae24c7838544.jpg 193,192,220,271,0
74_jpg.rf.9c53386a9b8e1449a1b2f20d1b1eca81.jpg 234,160,270,337,0 191,172,225,276,0
32_jpg.rf.9e84cdd790a217be772b3ef942846e56.jpg 203,149,225,225,1 182,175,196,240,1
246_jpg.rf.96913d440b42a06ab49eb5ad9e33ced7.jpg 205,124,247,308,1 211,127,247,308,1 166,127,201,263,1
179_jpg.rf.a3a662c4622c894a884ce7abfd97383c.jpg 190,177,214,257,0
329_jpg.rf.a08e60b59c67ebd458be2990eec15dbd.jpg 198,163,212,212,1
230_jpg.rf.a61b73628136765b462e7f0b22171140.jpg 178,100,271,379,1 147,132,164,176,1
24_jpg.rf.9d891833c2f3bd14c5a288333a6234c9.jpg 128,155,168,243,0 191,210,245,348,0 178,149,201,210,0 218,144,238,234,0 235,175,270,271,0
114_jpg.rf.97607939e7662f7381357c66d4110135.jpg 236,220,259,302,0 237,228,259,303,0 205,223,229,314,0
276_jpg.rf.a0af1a2613112521cd7c25746455ed1b.jpg 170,180,189,245,0 195,179,209,234,0 185,229,223,357,0
364_jpg.rf.9dbfb4c503a5168a04fac180ec62112e.jpg 182,182,207,235,1
57_jpg.rf.a084c4c62a7b7addbb9aa9ca0277733a.jpg 163,191,189,280,1
130_jpg.rf.9dce530a3d4a3a81771f8ea54980f222.jpg 2,281,87,413,0 79,137,131,252,0 0,134,44,299,0 139,188,205,363,0
148_jpg.rf.a4b2a29d169ec34c21945be4e51ac4f2.jpg 192,73,214,151,1 203,168,222,240,1 184,172,196,224,1 187,171,211,228,1
131_jpg.rf.a820a5ba5697f054d5b8e16e7b41c5d0.jpg 184,119,227,244,0
211_jpg.rf.a1579f64945638d376feac65b29dfb59.jpg 112,149,180,395,0 16,176,90,413,0
283_jpg.rf.a41d305acce12ae4146e86bb0b7b47ab.jpg 58,160,96,259,0 134,170,161,251,0 158,164,181,244,0
278_jpg.rf.a6e876e5bcf42fef4b0f28e0006ebbcf.jpg 65,210,155,411,0 204,193,230,303,0
134_jpg.rf.a00a07ae7d333b5d60ccf7f0569df515.jpg 235,236,273,342,1 146,156,178,223,0
280_jpg.rf.a67a3b0ca6a80a9a032d0a0406dab21f.jpg 200,140,213,179,1
361_jpg.rf.a941437bc53fbdcb81f153a05fa1f90f.jpg 213,167,234,262,1
1_jpg.rf.ab15371b3044e10a22b7225d6cbc0eae.jpg 186,193,204,247,1
177_jpg.rf.ab9f41f7ef07706bf9eab0238f223961.jpg 218,180,254,229,1 277,229,307,319,1
216_jpg.rf.aa6dba602011e9623264a9d3e0a4c957.jpg 164,112,204,252,1 239,159,264,220,1
130_jpg.rf.ac699649a87bdaf92f3d330b7a27b046.jpg 329,281,414,413,0 286,137,338,252,0 372,134,415,299,0 211,188,277,363,0
42_jpg.rf.a54ad432fcf0ca1b0940059b32afc240.jpg 270,142,326,266,1
87_jpg.rf.abd58ceffdcdabd39d01d5ac0dfb0acc.jpg 198,170,225,250,0 175,159,209,245,0
46_jpg.rf.a71c865cc1ad798985d8222f1a359cea.jpg 209,142,252,304,1 162,158,187,256,1 132,158,154,245,1
265_jpg.rf.a90e8483656f9671dfed5566a1cef493.jpg 268,134,306,257,0
149_jpg.rf.ab5e0d5707a454b7fd5527a10339abba.jpg 119,172,145,256,1 233,172,268,309,1
8_jpg.rf.ad81aebd5b5be783e10951d61ed3a2c9.jpg 248,92,322,268,1
0_jpg.rf.ad617998261401e1b8dcb920e0debb44.jpg 179,187,236,411,1
32_jpg.rf.ac4e70723609abd54e467380a0baa023.jpg 191,149,213,225,1 220,175,234,240,1
44_jpg.rf.ad64a2aa3663c770394ee15c16567ff4.jpg 311,164,333,224,1 273,164,294,231,1 180,151,221,267,1
350_jpg.rf.aeb4677bda45a7c5467c2667833e803c.jpg 241,195,252,227,1
66_jpg.rf.a5a065a47d19f87d628454edf30b284e.jpg 196,146,223,250,0 242,156,266,244,0
143_jpg.rf.af58cad5576d19d61391c71dcb380cee.jpg 305,164,347,268,1 225,165,249,255,1
380_jpg.rf.af069267074e19a96ba47f7d9cb77940.jpg 164,147,218,371,1
361_jpg.rf.b35758c3f57a394a39399118445e043b.jpg 182,167,203,262,1
37_jpg.rf.b07c4ef40e7c4e27b623d3585957a62e.jpg 254,192,267,222,1
359_jpg.rf.ab07c726196dd151a90bf09c8d236a60.jpg 190,284,214,363,1 374,293,416,400,1
266_jpg.rf.b30313796d2f756049b9436228a84ab5.jpg 261,139,286,234,1 200,189,216,236,1
335_jpg.rf.b36ec8017908ca5b398c13925d49ffb6.jpg 173,171,194,250,0 261,116,318,295,0 345,164,366,213,0 311,164,333,234,0
105_jpg.rf.ae2a9c17445692e7cc01e07982d28adf.jpg 165,144,242,364,0 92,160,117,225,0
48_jpg.rf.b4de1a73cafefb73974ad1e5467259ef.jpg 156,175,187,272,1
61_jpg.rf.b3c5f4e743638708d4b6477f491389db.jpg 264,155,307,311,0 226,147,267,296,0
64_jpg.rf.b12a5290e5dcac794247f727b7da3e2b.jpg 193,173,223,267,1 245,195,261,244,1 219,183,236,235,1
154_jpg.rf.b8a7cf58ff282ea180ff1b96f6dc98f9.jpg 191,103,226,236,1 86,57,151,279,1
267_jpg.rf.b9327ac3e48fb208fb94d411fff14ec3.jpg 166,159,183,219,0
7_jpg.rf.b891e245e8f25b5ce29eeda9edb7a176.jpg 5,165,41,305,1 168,168,202,339,1
0_jpg.rf.b9cd6a5eda77dff2554a71a46f04ac5c.jpg 180,187,237,411,1
174_jpg.rf.acabbb5d7e0966b0454c748c31471d95.jpg 204,175,223,236,0
191_jpg.rf.b78c056a1d4bb87cf0ddf584067c103d.jpg 171,183,230,311,1
115_jpg.rf.b5c11a9f902dabcbb1079fd8ebab728e.jpg 342,63,415,415,0
406_jpg.rf.b9c3e7e86337c8c1f4d82ac4ed9a567a.jpg 234,118,274,290,1 80,27,193,413,1
375_jpg.rf.b62d03c270a1fda4646bb2fc83be8181.jpg 241,78,314,382,1
312_jpg.rf.b271b18e19c1a08b5b15567f54427fad.jpg 141,160,181,324,0 209,153,288,382,0 176,165,218,354,0
243_jpg.rf.b4088474ca70f9f512329a739cf1e1a3.jpg 264,165,284,222,0
278_jpg.rf.b9e1fc048196fb96e57f152f6376c2df.jpg 261,210,351,411,0 186,193,212,303,0
21_jpg.rf.ba999cff4136696dd1b4712d85016706.jpg 92,80,144,220,1 234,42,280,179,1
349_jpg.rf.bb660ab73ebd6db1a87fb6d634f0c963.jpg 76,132,178,412,1
189_jpg.rf.bab59488a39d38a9fe5dd62f5f0d20fd.jpg 202,191,227,264,0 157,192,179,256,0
256_jpg.rf.b4eebbf59e1481541549710fdd334610.jpg 209,125,249,320,1 119,171,141,245,1 157,167,175,220,1
52_jpg.rf.b0f04f0b6bb6e225cd3d8e403da0d534.jpg 331,155,415,384,0 208,173,240,291,0
417_jpg.rf.bbd332f0fad441e8e6f37829dc4d9558.jpg 132,204,154,260,1
303_jpg.rf.bbc688898f009fc774ac1d55ee3e226c.jpg 192,163,214,283,0 171,172,190,247,0
174_jpg.rf.bb0c6865b35060c49925fe2aa370d188.jpg 194,175,213,236,0
301_jpg.rf.be877dbb0b117dc25d6bbc8ca86da5ea.jpg 183,140,203,269,1 135,151,159,253,1 157,135,198,296,1
69_jpg.rf.ba151c775e69ea88a2ff550354b1b058.jpg 181,152,221,284,0
325_jpg.rf.bdb7b090208951374c32d9d54fc8172b.jpg 232,158,257,229,0
307_jpg.rf.bca719f284257411fb8e0520217a1f40.jpg 218,160,233,201,1
92_jpg.rf.bc60d1407b038880d4747598c829240c.jpg 189,158,217,260,1 168,216,191,263,1
338_jpg.rf.beaaecf1774ff62a186d08c59b98cbcf.jpg 223,136,274,343,0
392_jpg.rf.bfc34f7aed05c3e4731d9d44bc6e9905.jpg 182,0,275,354,1
366_jpg.rf.beae9001aa27e6184e8790d6be58bcf4.jpg 209,143,237,236,1 243,152,273,243,1
16_jpg.rf.bdf314126690adc36e2bd027786bbbaf.jpg 128,153,227,379,1
234_jpg.rf.bf5f20aec6b20be7510a39ad60be87b0.jpg 225,123,266,247,1
413_jpg.rf.c23c2311061e8548d1f2eaeb0c554dd3.jpg 176,131,203,290,1 206,135,232,252,1
216_jpg.rf.c1965f4d5eb5dd759c9f68447009c5d7.jpg 212,112,252,252,1 152,159,177,220,1
81_jpg.rf.bc7759434854d4d487902c304e602ba7.jpg 184,195,204,234,0 225,196,242,224,0
218_jpg.rf.bc6db9fd95270e09a743db7e008e4b3e.jpg 272,146,304,231,0
312_jpg.rf.c09289fa5391a274976c92e9735a4f75.jpg 235,160,275,324,0 128,153,207,382,0 199,165,241,354,0
211_jpg.rf.c0752cd55b10e05354f01721044f4bd4.jpg 236,149,304,395,0 326,176,400,413,0
150_jpg.rf.c28d88e121dfdf1a8a934ba324a68db7.jpg 183,140,219,255,0 209,153,252,332,0
97_jpg.rf.c5c88b959a5a8a7bffa6dde7660f4a55.jpg 269,153,290,224,1
243_jpg.rf.c4aab48f423ad420a91bc1db638e7f30.jpg 132,165,152,222,0
2_jpg.rf.c2a1e560ddf126f72627573b09069a00.jpg 141,136,194,305,0
79_jpg.rf.bf541c2ad5f532004f9b58f3bbbb40cc.jpg 205,132,263,349,0 266,151,286,224,0
235_jpg.rf.c478f1882ba6f1051212dc31b5c228f9.jpg 277,125,310,227,0 231,130,254,180,0 254,130,279,177,0
313_jpg.rf.c4264bb560a991d6d4f7987d61a1f465.jpg 100,115,166,355,1 167,188,225,407,1
178_jpg.rf.c55a71181b8f2ab6c38d6775dbf3b195.jpg 210,201,222,240,1 269,51,318,234,1
252_jpg.rf.bfb68126479adce531c1cb52a11d6c36.jpg 191,177,216,253,1 130,173,162,317,1 161,176,195,307,1
54_jpg.rf.c5bad8e2061d1df1cb47fc122a4badbb.jpg 119,147,165,259,0
53_jpg.rf.c876b2c3fd332d4f295184369670bc7f.jpg 115,165,169,351,0
229_jpg.rf.c71026b180e8e8141e72bb3b0341afa1.jpg 210,160,232,222,1
370_jpg.rf.c78774f34cf2a511ecd40a77babe40b8.jpg 78,198,125,283,0 184,235,236,375,0 139,174,166,248,0 184,180,208,256,0 218,199,246,275,0
239_jpg.rf.c7264ad995c133e56db81544c258995a.jpg 153,130,213,283,1
41_jpg.rf.c6a9d85617c7983d82c2ce7ba8986399.jpg 219,151,259,283,0 171,144,221,291,0
14_jpg.rf.c6dd09ec54b2fa402be982f71d5e9870.jpg 214,156,264,271,1 173,192,195,245,1
185_jpg.rf.c6b8b05e3822617c76506093e97764b7.jpg 207,189,228,236,0
153_jpg.rf.be9b811c69c0248eabf3a2079540987c.jpg 259,127,311,290,0 78,106,167,404,0 207,127,272,314,0
421_jpg.rf.bced3dd327399fdb38888fefe50cc19e.jpg 177,207,198,239,1
432_jpg.rf.c5ea0eb418a011dfdb0cc3fabe709106.jpg 112,125,155,247,1 198,152,214,217,1
1_jpg.rf.c8165e4aac7d57bbc0955e5250f5fb99.jpg 212,193,230,247,1
255_jpg.rf.ca39f995878c7f5f3ee3ed8533841965.jpg 289,193,309,251,1
88_jpg.rf.c85261f48f76d4b4fffcda645407d200.jpg 241,196,280,295,0
192_jpg.rf.c911065eccae7e738d08949402363b0f.jpg 205,144,259,281,0 153,167,172,227,0
90_jpg.rf.ca242de5a501269fd3b281476610d88c.jpg 193,115,270,408,1
220_jpg.rf.c6af97c2181cf2d936a362bb52c01e03.jpg 191,56,235,284,1
25_jpg.rf.c89cfee698d435baa940af2a3d8da742.jpg 234,170,318,413,0 195,173,242,409,0