110_jpg.rf.134ac09990f215bd4cdacd66fc59ec6a.jpg 0.5393325184520922,0.45803420010365936,0.05438231010186045,0.15650945470521324,0.99133915,0.999956,1 0.4598594323584908,0.44061910321837977,0.04872795233601018,0.14015592046474157,0.65207976,0.9999274,1 0.3831133920895426,0.43889985429613215,0.04689615180617884,0.18894700823645844,0.5083001,0.99991596,1
72_jpg.rf.4ce2f6c96db577d57b8f0d8ae24a6c1d.jpg 0.5396303942329005,0.5654186214271345,0.12220090627670288,0.465992681289974,0.97480494,0.99999857,1 0.6210673482794511,0.5391302681282947,0.07469764351844788,0.645469896887478,0.8268494,0.9999994,1
363_jpg.rf.b7570d56f374deb6bf90a22c36f32ed8.jpg 0.5383991183418977,0.5724212197880996,0.06294171904262744,0.18987737007831273,0.95439076,0.99997604,1
104_jpg.rf.6f3eccc4dfae28302188c0e6860deacc.jpg 0.5034075944047225,0.508037426754048,0.044990925804564826,0.17986771601595378,0.7712405,0.9999937,0
78_jpg.rf.e0ddefecf9c1e21ff8d27be16f0f2bde.jpg 0.5147926509380341,0.3777107251317878,0.07064595504810936,0.3092973142078048,0.94974744,0.99999547,0
322_jpg.rf.934af9f32de497430a72ee5040cc2a60.jpg 0.6263132173764078,0.517491301423625,0.08400350416961469,0.39334926950304133,0.97685575,0.99993587,0
156_jpg.rf.a2883af328a8ef2a83fb9b73e06163f7.jpg 0.5069389672655809,0.5390486168233972,0.064247580735307,0.18178026044839307,0.89086246,0.99967766,0
383_jpg.rf.2fe0ffb312eb39b8d2a5c3c9bfeca1bfa.jpg 0.4844986545412164,0.7228614531065288,0.15823218696995786,0.5235243655349079,0.6441885,0.999954,0
268_jpg.rf.0526fc618ad1660401cf6fa6f733b416.jpg 0.358576027970565,0.4854973311486997,0.1065094541562231,0.4178113447208154,0.9903983,0.999982,0
269_jpg.rf.309651e9805baff9955241fe3b55a175.jpg
300_jpg.rf.3569f0993842f89b3befacef8713ca32.jpg 0.5657655565362227,0.5357503326315629,0.09336950982871808,0.4309906873263811,0.9872349,0.99998665,0
291_jpg.rf.3f987332ca35a9beca850973898d72a3.jpg 0.4692130716223466,0.4032095082496342,0.0501484184672958,0.17438586311120735,0.91402394,0.99968064,0
120_jpg.rf.cb5d3bc97a6dba7ec2eda5442e7247be.jpg 0.4904174836058366,0.6454615922350633,0.12349898250479448,0.6208801214632235,0.66166145,0.99997985,1
295_jpg.rf.08f8da7fe81adf11c524bcd4f896bf15.jpg 0.5133886854899558,0.5165534411606035,0.1051965057849884,0.3727447653287335,0.9908289,0.9999881,0 0.35796692339997543,0.5409982424033316,0.13594400882720947,0.444385296812183,0.94433635,0.9999902,0 0.7254672254386701,0.5124772285160265,0.045579282468871066,0.13979029302534304,0.85922706,0.99937266,1
231_jpg.rf.9c9ad963463a6322f44e0bc313ae614e.jpg 0.514985729204981,0.5685048087647087,0.08662046492099762,0.38049102378518956,0.9968111,0.9999994,1 0.11786224261710518,0.5894958259243714,0.116961690940355,0.4342968946224765,0.9806012,0.9999534,1
157_jpg.rf.bd142833a37700be50cfa9039bbcb1fc.jpg 0.45412323270973404,0.7292965619187606,0.09682377859165794,0.411918843263074,0.9941369,0.9999747,1 0.40348223165461894,0.6188629395083377,0.05670808883089768,0.2210549029864763,0.9598305,0.99999726,1
254_jpg.rf.f4d74b6fd4430dd39fadb9cc5ff2ac03.jpg 0.8535695632821635,0.7217724950690019,0.20961779669711464,0.5546451826628885,0.93793434,0.9999932,0 0.5740445303289514,0.4842064741410707,0.04416290670633316,0.1493428833782673,0.8369407,0.99992526,0 0.5338843778560036,0.48074789502118764,0.04855300172379142,0.15061834434929647,0.81290144,0.9999906,0
308_jpg.rf.e845400513e6d75a20b56ce71b740621.jpg 0.4842212545244317,0.46232015051339803,0.08734259323069923,0.4183937962117948,0.9924954,0.9999845,0
408_jpg.rf.fc6c8bf69fc6a0253fa2236bc905a2f1.jpg 0.39011657865423904,0.702877435245012,0.23858444941671272,0.6337284337925283,0.79695714,0.99997187,1
159_jpg.rf.a65759b3d32d474ed2e614930935d1fe.jpg 0.3509120666667035,0.5928608963364049,0.09294099870480989,0.4777701555898315,0.99106663,0.99999845,0 0.2171994659461473,0.6522396646047893,0.15161144106011643,0.5298045779529371,0.85320795,0.99998164,0
45_jpg.rf.e915a4f31b6378bfca627cb7f7be350e.jpg
198_jpg.rf.0d0f1a718a598758fb05386c86fbcbf8.jpg 0.49116126173420954,0.5401044252671694,0.09566898879251982,0.3783064943395163,0.9450066,0.99965787,0
250_jpg.rf.329d479cac718b7c7b15e7696bc7b2cd.jpg 0.6139425996102785,0.5466530307343132,0.0824750897131468,0.2949762556113695,0.9966761,0.99999964,0 0.3566560133507377,0.4657677427718514,0.08391303608292028,0.23663442248576566,0.9923678,0.99997544,0 0.45691295281836863,0.4293336703589088,0.04971531229583841,0.16283707105015455,0.9897231,0.9999982,0 0.5367693932432878,0.6916173767102393,0.1234961450099945,0.39187334595542206,0.9770183,0.9999851,0
411_jpg.rf.196d1f838873c7f8b6114b9bc043196c.jpg 0.3524044830548136,0.414293392708427,0.09233226431043524,0.2195666501004445,0.9773596,0.9999975,0 0.8749834361829256,0.4472862482070923,0.19360790754619397,0.5561555133838403,0.9660672,0.9999751,0
39_jpg.rf.49612d3f13bb550cad3915a907f75d16.jpg 0.33715713808411046,0.4866220927552173,0.047114787133116474,0.16946918576171524,0.9651056,0.9999678,1
18_jpg.rf.65688c10eb3f72057f151e517bc837e9.jpg 0.3546196920307059,0.5389946706985173,0.07959609125789843,0.3612809738046245,0.9868019,0.99999726,0 0.44503201779566315,0.48827933794573736,0.060936464290869866,0.19221756803361992,0.9807154,0.9999969,0 0.5405469913231699,0.4857431242340489,0.043698478686182124,0.13797481691366748,0.91729814,0.8970211,0
152_jpg.rf.76178d2bac9ecbab4af6a9ebc1f80e43.jpg 0.5048486770767915,0.5448938655225855,0.05172257870435715,0.13213324801702248,0.85470194,0.9902091,0
196_jpg.rf.41a61ccda4327fc890467f72c01caf37.jpg 0.7708412557840347,0.692117207144436,0.11593469428388696,0.46930598781297084,0.8885694,0.999966,1
396_jpg.rf.83c284fb1e7ac431936e417b0270ab5b.jpg 0.4861625268271095,0.5874279000257191,0.08568884902878811,0.39604614557404266,0.97918564,0.9989016,1
292_jpg.rf.80b370aa5d4487bcdee93eb07716f8a4.jpg 0.38230157055352865,0.5660260241282614,0.07714232880818217,0.2865926411591078,0.9930501,0.999824,1 0.8344467392093257,0.5913143220700716,0.10324339176479139,0.49698916548176814,0.9607225,0.9999745,1
111_jpg.rf.c3f1c3accb6bac8fdee7bf18fd68159a.jpg 0.6762258128116005,0.4623201661988309,0.0711487845370644,0.41111823367445094,0.98809284,0.9999999,0 0.5614318902555265,0.4419862204476407,0.06537926118624837,0.29694136741914245,0.94398284,1.0,0
343_jpg.rf.192455487a0f3092da81313f05023c09.jpg 0.516142914169713,0.563977419545776,0.08021198291527598,0.3136155621001595,0.9750632,0.9997793,0
6_jpg.rf.ed56863151b8b77bc794c79b409405d9.jpg 0.5987708694056461,0.665924260490819,0.2542205986223723,0.6335833086387107,0.85442185,0.99999654,1
289_jpg.rf.d8e78eb6aa5cd7eebfe5edef7a6fab39.jpg 0.4161558417897475,0.46251280527365835,0.07791731075236671,0.29711776030691045,0.747918,0.9999927,0
434_jpg.rf.5d95056a0763b7821b877b8445dbf25a.jpg 0.4076501036945142,0.6512053357927423,0.1543830758646915,0.5681757924980239,0.6409862,0.98219186,0
144_jpg.rf.ea49e29684e99cbd3705ebc915929fe0.jpg 0.535588452690526,0.5443159671206224,0.05965617534361387,0.21923517710284182,0.96287066,0.99999905,1
244_jpg.rf.eb866e7283592a766ccffdd6a8e83921.jpg 0.5085022018144005,0.4612063075366773,0.052772409429675655,0.20818728463430153,0.96109056,0.9998578,1
345_jpg.rf.4a9a3906d05ec292a44c24f31936874b.jpg 0.5317570261265102,0.5383713919865457,0.10401141408242677,0.4683978592878894,0.9963062,0.9999807,1
336_jpg.rf.d06f95f87b60ee2998604dbf241a70ca.jpg 0.3792795899667238,0.6642948734132867,0.18701524483530144,0.5883886867055768,0.70114625,0.9710508,1
369_jpg.rf.220cb4f8c525ff150841f2fd659ef592.jpg 0.1917063970314829,0.5116484886721561,0.08912602929692519,0.3389520445152333,0.9905662,0.9999938,0
77_jpg.rf.46b0001790bb7966b4bc60912c2c1743.jpg 0.5433041829811899,0.5165354593804008,0.049810255436520824,0.19170855122961497,0.9430321,0.9999944,1 0.485993167287425,0.5096353825769926,0.05051450470560476,0.17267648424757154,0.8419531,0.9999409,1 0.5894558672842226,0.5075848424120953,0.04364223699820669,0.1772805607240451,0.79314953,0.9999325,1
